113492.86 76464.29 37028.57
115700.0 79278.57 36421.43
116153.57 75821.43 40332.14
117453.57 76200.0 41253.57
136589.29 98546.43 38042.86
127842.86 77614.29 50228.57
161860.71 110782.14 51078.57
171500.0 127989.29 43510.71
193207.14 148364.29 44842.86
206575.0 165321.43 41253.57
231403.57 187932.14 43471.43
221596.43 174546.43 47050.0
241378.57 192725.0 48653.57
257117.86 215878.57 41239.29
284692.86 230603.57 54089.29
152817.86 112525.0 40292.86
128342.86 88742.86 39600.0
184860.71 146903.57 37957.14
188482.14 152560.71 35921.43
188689.29 145503.57 43185.71
163125.0 123725.0 39400.0
199167.86 158160.71 41007.14
170942.86 134757.14 36185.71
169703.57 128710.71 40992.86
218667.86 176082.14 42585.71
153242.86 113614.29 39628.57
130082.14 95139.29 34942.86
205392.86 166589.29 38803.57
162060.71 123207.14 38853.57
116192.86 77671.43 38521.43
173639.29 135242.86 38396.43
283378.57 236128.57 47250.0
193521.43 152139.29 41382.14
179650.0 134250.0 45400.0
144035.71 105335.71 38700.0
127675.0 92771.43 34903.57
300007.14 258810.71 41196.43
126989.29 81003.57 45985.71
330953.57 290410.71 40542.86
295492.86 244175.0 51317.86
138814.29 92692.86 46121.43
191107.14 149760.71 41346.43
155357.14 113328.57 42028.57
347735.71 301346.43 46389.29
178714.29 139246.43 39467.86
144982.14 102360.71 42621.43
180742.86 146803.57 33939.29
250685.71 209735.71 40950.0
149742.86 104260.71 45482.14
113967.86 70775.0 43192.86
206953.57 168864.29 38089.29
218103.57 181446.43 36657.14
274796.43 226514.29 48282.14
172014.29 133257.14 38757.14
274600.0 235692.86 38907.14
186021.43 135760.71 50260.71
229925.0 186900.0 43025.0
133564.29 91621.43 41942.86
177935.71 138100.0 39835.71
141903.57 103171.43 38732.14
236821.43 195332.14 41489.29
139146.43 102671.43 36475.0
204832.14 163232.14 41600.0
161675.0 120092.86 41582.14
143692.86 101175.0 42517.86
191707.14 147503.57 44203.57
155250.0 113357.14 41892.86
144096.43 106603.57 37492.86
178575.0 135428.57 43146.43
167157.14 125078.57 42078.57
266314.29 219696.43 46617.86
224242.86 183760.71 40482.14
272060.71 231557.14 40503.57
148035.71 106103.57 41932.14
179750.0 123942.86 55807.14
179585.71 140439.29 39146.43
140907.14 97510.71 43396.43
256171.43 214010.71 42160.71
154335.71 110442.86 43892.86
218410.71 174589.29 43821.43
298553.57 251921.43 46632.14
225553.57 185089.29 40464.29
203867.86 158592.86 45275.0
240935.71 197310.71 43625.0
164071.43 115521.43 48550.0
238950.0 199907.14 39042.86
233157.14 186032.14 47125.0
154103.57 109646.43 44457.14
178707.14 137910.71 40796.43
265110.71 226614.29 38496.43
178764.29 135807.14 42957.14
148646.43 110671.43 37975.0
248153.57 197582.14 50571.43
206267.86 158682.14 47585.71
198007.14 159471.43 38535.71
184767.86 142853.57 41914.29
300650.0 257246.43 43403.57
213982.14 172928.57 41053.57
331553.57 283910.71 47642.86
245192.86 201853.57 43339.29
