72550.0 53096.43 19453.57
85103.57 65989.29 19114.29
84632.14 67728.57 16903.57
88692.86 70214.29 18478.57
86671.43 69157.14 17514.29
95478.57 78321.43 17157.14
94235.71 76882.14 17353.57
91675.0 72189.29 19485.71
101450.0 85428.57 16021.43
99642.86 79114.29 20528.57
96903.57 77717.86 19185.71
99103.57 80275.0 18828.57
102342.86 81121.43 21221.43
103392.86 85146.43 18246.43
113664.29 96317.86 17346.43
90753.57 72882.14 17871.43
86207.14 67296.43 18910.71
105800.0 87375.0 18425.0
92728.57 74496.43 18232.14
72196.43 53375.0 18821.43
83964.29 66628.57 17335.71
104167.86 85946.43 18221.43
87607.14 69017.86 18589.29
98625.0 79507.14 19117.86
99021.43 81757.14 17264.29
100196.43 81442.86 18753.57
104685.71 86253.57 18432.14
108582.14 89375.0 19207.14
120335.71 101375.0 18960.71
138664.29 120117.86 18546.43
97117.86 76971.43 20146.43
75057.14 54542.86 20514.29
87860.71 67367.86 20492.86
106503.57 87835.71 18667.86
92067.86 74103.57 17964.29
77617.86 60703.57 16914.29
109728.57 93421.43 16307.14
104700.0 86632.14 18067.86
115210.71 97707.14 17503.57
100210.71 82300.0 17910.71
110189.29 88900.0 21289.29
86278.57 68535.71 17742.86
120200.0 103150.0 17050.0
118685.71 97353.57 21332.14
98582.14 79867.86 18714.29
100467.86 79282.14 21185.71
89732.14 71160.71 18571.43
68107.14 48375.0 19732.14
123407.14 103789.29 19617.86
111925.0 95478.57 16446.43
113042.86 94867.86 18175.0
118303.57 101200.0 17103.57
95996.43 77371.43 18625.0
115167.86 98275.0 16892.86
78810.71 59550.0 19260.71
113314.29 94550.0 18764.29
114442.86 98296.43 16146.43
109771.43 90132.14 19639.29
155207.14 139267.86 15939.29
126310.71 108496.43 17814.29
73867.86 55217.86 18650.0
99942.86 80314.29 19628.57
85482.14 65971.43 19510.71
72628.57 51646.43 20982.14
81767.86 63117.86 18650.0
91407.14 71767.86 19639.29
97060.71 78710.71 18350.0
89396.43 68646.43 20750.0
89710.71 71257.14 18453.57
90410.71 72264.29 18146.43
126064.29 108457.14 17607.14
120396.43 102621.43 17775.0
123500.0 107425.0 16075.0
83803.57 64300.0 19503.57
89967.86 74185.71 15782.14
77925.0 57996.43 19928.57
97396.43 76535.71 20860.71
86317.86 66960.71 19357.14
88339.29 68400.0 19939.29
115735.71 98757.14 16978.57
100103.57 80425.0 19678.57
93489.29 75842.86 17646.43
130057.14 108364.29 21692.86
82785.71 64446.43 18339.29
133382.14 117425.0 15957.14
112692.86 94964.29 17728.57
103821.43 83664.29 20157.14
94485.71 76414.29 18071.43
108500.0 91953.57 16546.43
137746.43 120507.14 17239.29
130528.57 114592.86 15935.71
80089.29 60832.14 19257.14
115685.71 97685.71 18000.0
107425.0 87264.29 20160.71
114039.29 96153.57 17885.71
94317.86 74475.0 19842.86
83489.29 65235.71 18253.57
134328.57 119075.0 15253.57
114414.29 97182.14 17232.14
108964.29 89682.14 19282.14
