152657.14 83832.14 68825.0
172946.43 104707.14 68239.29
177107.14 91385.71 85721.43
202896.43 128175.0 74721.43
250807.14 190439.29 60367.86
278292.86 201957.14 76335.71
264750.0 189417.86 75332.14
299267.86 233503.57 65764.29
265664.29 184207.14 81457.14
306035.71 226546.43 79489.29
305550.0 224982.14 80567.86
330382.14 247903.57 82478.57
351989.29 275532.14 76457.14
389346.43 309278.57 80067.86
495878.57 425139.29 70739.29
208128.57 136789.29 71339.29
222957.14 134514.29 88442.86
234307.14 160471.43 73835.71
216328.57 146178.57 70150.0
236228.57 148510.71 87717.86
262275.0 186189.29 76085.71
206939.29 130750.0 76189.29
402114.29 333592.86 68521.43
274342.86 192228.57 82114.29
229585.71 172660.71 56925.0
324871.43 252150.0 72721.43
214778.57 144296.43 70482.14
325782.14 255550.0 70232.14
263589.29 192107.14 71482.14
237646.43 168689.29 68957.14
220539.29 149642.86 70896.43
193735.71 110825.0 82910.71
184985.71 112150.0 72835.71
470560.71 373332.14 97228.57
235985.71 166835.71 69150.0
162650.0 97575.0 65075.0
217639.29 158178.57 59460.71
267064.29 200492.86 66571.43
210814.29 128135.71 82678.57
233571.43 151214.29 82357.14
375025.0 272210.71 102814.29
326960.71 253789.29 73171.43
292407.14 224953.57 67453.57
237375.0 157953.57 79421.43
208989.29 152900.0 56089.29
359492.86 285382.14 74110.71
316621.43 241917.86 74703.57
253235.71 183153.57 70082.14
159775.0 89200.0 70575.0
395053.57 317875.0 77178.57
307189.29 226835.71 80353.57
201903.57 137471.43 64432.14
251039.29 186507.14 64532.14
221575.0 149850.0 71725.0
457253.57 374971.43 82282.14
132375.0 61992.86 70382.14
322932.14 240714.29 82217.86
214532.14 137317.86 77214.29
319771.43 238214.29 81557.14
229575.0 149817.86 79757.14
186910.71 107732.14 79178.57
190485.71 124600.0 65885.71
258296.43 185553.57 72742.86
258071.43 182571.43 75500.0
342003.57 264307.14 77696.43
318650.0 234917.86 83732.14
271017.86 181592.86 89425.0
297100.0 206292.86 90807.14
214221.43 150342.86 63878.57
219664.29 149025.0 70639.29
190625.0 120939.29 69685.71
374428.57 287942.86 86485.71
504371.43 426303.57 78067.86
369514.29 300871.43 68642.86
218842.86 146521.43 72321.43
210439.29 151671.43 58767.86
205521.43 132796.43 72725.0
345525.0 272060.71 73464.29
199682.14 117746.43 81935.71
161267.86 98682.14 62585.71
316528.57 251982.14 64546.43
356635.71 278667.86 77967.86
139071.43 63525.0 75546.43
191910.71 121835.71 70075.0
404032.14 315285.71 88746.43
240028.57 161821.43 78207.14
247535.71 152671.43 94864.29
203657.14 139828.57 63828.57
233582.14 172057.14 61525.0
269292.86 191153.57 78139.29
272150.0 209189.29 62960.71
183996.43 124471.43 59525.0
255435.71 183685.71 71750.0
249867.86 193085.71 56782.14
281385.71 205771.43 75614.29
148664.29 76450.0 72214.29
313535.71 218846.43 94689.29
253146.43 190257.14 62889.29
218753.57 145146.43 73607.14
170378.57 79335.71 91042.86
