26585.71 20178.57 6407.14
24507.14 15507.14 9000.0
28553.57 21885.71 6667.86
26307.14 16489.29 9817.86
28503.57 20464.29 8039.29
25035.71 16432.14 8603.57
24989.29 17750.0 7239.29
29075.0 20250.0 8825.0
26778.57 19435.71 7342.86
27332.14 16492.86 10839.29
27664.29 20675.0 6989.29
23739.29 15885.71 7853.57
24975.0 17239.29 7735.71
34332.14 25264.29 9067.86
29053.57 19753.57 9300.0
25157.14 17632.14 7525.0
24664.29 15975.0 8689.29
22689.29 13575.0 9114.29
26953.57 18271.43 8682.14
25285.71 15007.14 10278.57
26096.43 16464.29 9632.14
31042.86 22875.0 8167.86
28871.43 20264.29 8607.14
22528.57 14628.57 7900.0
23885.71 16075.0 7810.71
28728.57 18821.43 9907.14
27021.43 18282.14 8739.29
27935.71 19221.43 8714.29
21171.43 14428.57 6742.86
27921.43 20717.86 7203.57
30753.57 20846.43 9907.14
26678.57 19367.86 7310.71
27453.57 18889.29 8564.29
27596.43 19807.14 7789.29
24860.71 16025.0 8835.71
26950.0 17485.71 9464.29
28407.14 19628.57 8778.57
30110.71 22814.29 7296.43
25692.86 16914.29 8778.57
27235.71 18267.86 8967.86
27675.0 20060.71 7614.29
30175.0 21396.43 8778.57
27964.29 19153.57 8810.71
23814.29 15446.43 8367.86
26935.71 17850.0 9085.71
30575.0 22078.57 8496.43
28657.14 20803.57 7853.57
25064.29 16289.29 8775.0
27985.71 19207.14 8778.57
28742.86 19982.14 8760.71
25492.86 17228.57 8264.29
29764.29 21353.57 8410.71
27835.71 19214.29 8621.43
30732.14 23121.43 7610.71
27807.14 20739.29 7067.86
26039.29 17496.43 8542.86
26432.14 18342.86 8089.29
26107.14 18221.43 7885.71
28892.86 20785.71 8107.14
25760.71 17300.0 8460.71
32303.57 22821.43 9482.14
26042.86 16514.29 9528.57
26039.29 17750.0 8289.29
22264.29 12728.57 9535.71
31075.0 23807.14 7267.86
26650.0 19321.43 7328.57
26157.14 17435.71 8721.43
28414.29 18817.86 9596.43
27367.86 18810.71 8557.14
25950.0 16650.0 9300.0
29335.71 21860.71 7475.0
30157.14 22521.43 7635.71
23007.14 14846.43 8160.71
34410.71 24882.14 9528.57
27760.71 18700.0 9060.71
26975.0 18864.29 8110.71
24435.71 16185.71 8250.0
25510.71 18253.57 7257.14
25228.57 17525.0 7703.57
29321.43 21307.14 8014.29
29039.29 19660.71 9378.57
27632.14 20096.43 7535.71
24892.86 17114.29 7778.57
25310.71 16389.29 8921.43
25175.0 17392.86 7782.14
26282.14 17414.29 8867.86
22564.29 15485.71 7078.57
26110.71 18635.71 7475.0
27210.71 18353.57 8857.14
28703.57 18503.57 10200.0
25535.71 17221.43 8314.29
30228.57 20300.0 9928.57
26003.57 16692.86 9310.71
26435.71 16742.86 9692.86
28810.71 20464.29 8346.43
23685.71 15000.0 8685.71
26925.0 18178.57 8746.43
25253.57 14789.29 10464.29
23764.29 15414.29 8350.0
30314.29 22403.57 7910.71
