75214.29 60114.29 15100.0
77746.43 61278.57 16467.86
75382.14 57446.43 17935.71
85403.57 70646.43 14757.14
100042.86 84535.71 15507.14
87353.57 72642.86 14710.71
84985.71 69496.43 15489.29
100482.14 87078.57 13403.57
80325.0 64182.14 16142.86
98603.57 82628.57 15975.0
95585.71 81350.0 14235.71
96225.0 81703.57 14521.43
120400.0 105364.29 15035.71
100467.86 86978.57 13489.29
68371.43 53010.71 15360.71
60192.86 42171.43 18021.43
119157.14 105392.86 13764.29
77689.29 63871.43 13817.86
83435.71 70817.86 12617.86
70039.29 54289.29 15750.0
61667.86 45878.57 15789.29
86246.43 72032.14 14214.29
70878.57 54921.43 15957.14
80771.43 63003.57 17767.86
100650.0 85642.86 15007.14
78560.71 65882.14 12678.57
95753.57 82878.57 12875.0
89850.0 75625.0 14225.0
101985.71 87567.86 14417.86
91935.71 77757.14 14178.57
77275.0 62667.86 14607.14
78210.71 62860.71 15350.0
82632.14 69128.57 13503.57
90610.71 76310.71 14300.0
83464.29 67753.57 15710.71
73796.43 57396.43 16400.0
90867.86 75314.29 15553.57
113882.14 100339.29 13542.86
88907.14 74760.71 14146.43
85089.29 72607.14 12482.14
115625.0 101107.14 14517.86
84667.86 69771.43 14896.43
88517.86 74596.43 13921.43
92000.0 78725.0 13275.0
99860.71 87160.71 12700.0
92396.43 78950.0 13446.43
80510.71 67475.0 13035.71
99303.57 84296.43 15007.14
77114.29 60400.0 16714.29
98475.0 84525.0 13950.0
93967.86 79621.43 14346.43
105157.14 92117.86 13039.29
96267.86 82492.86 13775.0
88025.0 72485.71 15539.29
105303.57 89917.86 15385.71
103942.86 90542.86 13400.0
86682.14 72039.29 14642.86
105250.0 92082.14 13167.86
109271.43 95064.29 14207.14
64082.14 49089.29 14992.86
81125.0 64050.0 17075.0
93832.14 79010.71 14821.43
119696.43 105557.14 14139.29
120721.43 108714.29 12007.14
84989.29 71403.57 13585.71
87567.86 70675.0 16892.86
83782.14 67185.71 16596.43
85371.43 71296.43 14075.0
96271.43 82207.14 14064.29
117067.86 102664.29 14403.57
85157.14 67285.71 17871.43
65175.0 47953.57 17221.43
111696.43 97582.14 14114.29
77775.0 63128.57 14646.43
69921.43 54542.86 15378.57
107971.43 93578.57 14392.86
79335.71 63589.29 15746.43
68264.29 52732.14 15532.14
106914.29 92164.29 14750.0
99782.14 84985.71 14796.43
67157.14 50114.29 17042.86
90682.14 76925.0 13757.14
104253.57 89807.14 14446.43
83128.57 68325.0 14803.57
104882.14 91232.14 13650.0
97439.29 84000.0 13439.29
89214.29 75467.86 13746.43
73464.29 57696.43 15767.86
74950.0 59082.14 15867.86
88257.14 74375.0 13882.14
74300.0 58367.86 15932.14
96471.43 84571.43 11900.0
71292.86 57682.14 13610.71
87071.43 71735.71 15335.71
97614.29 82267.86 15346.43
77132.14 60460.71 16671.43
81132.14 68085.71 13046.43
77257.14 60560.71 16696.43
99871.43 82957.14 16914.29
108475.0 94000.0 14475.0
