82507.14 68953.57 13553.57
97150.0 83678.57 13471.43
99771.43 86600.0 13171.43
105310.71 91714.29 13596.43
104346.43 91296.43 13050.0
114389.29 102542.86 11846.43
114285.71 100132.14 14153.57
81496.43 69067.86 12428.57
98907.14 84621.43 14285.71
106925.0 92992.86 13932.14
100589.29 86496.43 14092.86
109978.57 96271.43 13707.14
120539.29 107942.86 12596.43
147203.57 135903.57 11300.0
107750.0 94428.57 13321.43
74146.43 59789.29 14357.14
75146.43 60189.29 14957.14
87378.57 73532.14 13846.43
100792.86 88467.86 12325.0
117528.57 106032.14 11496.43
87946.43 74603.57 13342.86
86171.43 71903.57 14267.86
71096.43 55800.0 15296.43
108703.57 95228.57 13475.0
104385.71 90982.14 13403.57
111457.14 97642.86 13814.29
95400.0 82960.71 12439.29
116671.43 102378.57 14292.86
115639.29 102728.57 12910.71
110996.43 97750.0 13246.43
107471.43 93389.29 14082.14
75364.29 59325.0 16039.29
104771.43 91278.57 13492.86
109682.14 96178.57 13503.57
97096.43 82689.29 14407.14
114614.29 101242.86 13371.43
85578.57 69560.71 16017.86
87957.14 73489.29 14467.86
90525.0 77407.14 13117.86
117382.14 104725.0 12657.14
120442.86 107835.71 12607.14
116942.86 103007.14 13935.71
78971.43 63225.0 15746.43
100635.71 86457.14 14178.57
122950.0 109985.71 12964.29
138760.71 124792.86 13967.86
108867.86 94667.86 14200.0
95839.29 82032.14 13807.14
92410.71 76757.14 15653.57
104325.0 90146.43 14178.57
93521.43 80989.29 12532.14
66914.29 52410.71 14503.57
116989.29 103600.0 13389.29
114903.57 100382.14 14521.43
114882.14 101546.43 13335.71
81060.71 66207.14 14853.57
111267.86 98292.86 12975.0
101432.14 86375.0 15057.14
92585.71 78267.86 14317.86
116364.29 101310.71 15053.57
100125.0 86860.71 13264.29
82196.43 66657.14 15539.29
105221.43 90160.71 15060.71
96860.71 80746.43 16114.29
96500.0 82250.0 14250.0
102860.71 87260.71 15600.0
123828.57 108792.86 15035.71
83639.29 69596.43 14042.86
108010.71 95350.0 12660.71
116767.86 105121.43 11646.43
82671.43 68925.0 13746.43
100839.29 87621.43 13217.86
88350.0 72996.43 15353.57
79200.0 65242.86 13957.14
84614.29 70907.14 13707.14
77917.86 63842.86 14075.0
96935.71 82835.71 14100.0
100353.57 87889.29 12464.29
111828.57 98085.71 13742.86
101596.43 88185.71 13410.71
117275.0 103050.0 14225.0
121735.71 109292.86 12442.86
104967.86 91335.71 13632.14
127432.14 113942.86 13489.29
111910.71 100142.86 11767.86
102114.29 90217.86 11896.43
108196.43 93460.71 14735.71
90021.43 76289.29 13732.14
113389.29 99421.43 13967.86
98950.0 85514.29 13435.71
116660.71 104114.29 12546.43
125782.14 112560.71 13221.43
102375.0 90500.0 11875.0
91125.0 76039.29 15085.71
103214.29 88600.0 14614.29
125442.86 112942.86 12500.0
104778.57 90160.71 14617.86
113675.0 101364.29 12310.71
112960.71 99539.29 13421.43
119857.14 106778.57 13078.57
