132653.57 84167.86 48485.71
128978.57 80671.43 48307.14
139210.71 82164.29 57046.43
164907.14 115814.29 49092.86
175996.43 131182.14 44814.29
201432.14 158714.29 42717.86
231375.0 182035.71 49339.29
140464.29 89421.43 51042.86
165639.29 120317.86 45321.43
166560.71 121817.86 44742.86
200746.43 157675.0 43071.43
229042.86 182978.57 46064.29
190925.0 143850.0 47075.0
129067.86 81153.57 47914.29
124089.29 77617.86 46471.43
126425.0 86689.29 39735.71
277853.57 227278.57 50575.0
150239.29 113371.43 36867.86
168257.14 125517.86 42739.29
180089.29 139600.0 40489.29
163425.0 105475.0 57950.0
154396.43 106135.71 48260.71
176900.0 129092.86 47807.14
179196.43 137178.57 42017.86
121517.86 73214.29 48303.57
152585.71 78892.86 73692.86
185475.0 130939.29 54535.71
139121.43 97428.57 41692.86
171592.86 130182.14 41410.71
151467.86 104071.43 47396.43
129546.43 84082.14 45464.29
153335.71 106246.43 47089.29
117675.0 64125.0 53550.0
214842.86 167107.14 47735.71
190596.43 146753.57 43842.86
136392.86 83546.43 52846.43
142160.71 95739.29 46421.43
189285.71 138392.86 50892.86
142078.57 92889.29 49189.29
180460.71 135903.57 44557.14
122067.86 71985.71 50082.14
123085.71 61385.71 61700.0
169857.14 121017.86 48839.29
180057.14 141539.29 38517.86
200871.43 154410.71 46460.71
143017.86 94392.86 48625.0
266442.86 222732.14 43710.71
146667.86 86464.29 60203.57
232410.71 182332.14 50078.57
170632.14 125692.86 44939.29
282857.14 232896.43 49960.71
186600.0 136346.43 50253.57
214600.0 164339.29 50260.71
230757.14 184882.14 45875.0
136953.57 91346.43 45607.14
229521.43 187335.71 42185.71
164696.43 119764.29 44932.14
206314.29 166167.86 40146.43
135628.57 86221.43 49407.14
204225.0 157578.57 46646.43
148782.14 101400.0 47382.14
144400.0 90503.57 53896.43
175225.0 131635.71 43589.29
121714.29 74617.86 47096.43
132778.57 82582.14 50196.43
127150.0 83878.57 43271.43
117939.29 70114.29 47825.0
183521.43 139146.43 44375.0
197603.57 146010.71 51592.86
182039.29 135353.57 46685.71
162210.71 113539.29 48671.43
143917.86 95232.14 48685.71
151157.14 103435.71 47721.43
115714.29 72260.71 43453.57
252885.71 205835.71 47050.0
153367.86 101010.71 52357.14
127571.43 84335.71 43235.71
157135.71 110785.71 46350.0
144192.86 99407.14 44785.71
159846.43 114707.14 45139.29
152567.86 102985.71 49582.14
165575.0 96235.71 69339.29
128064.29 83367.86 44696.43
166071.43 115471.43 50600.0
157132.14 104678.57 52453.57
164428.57 120842.86 43585.71
232067.86 187539.29 44528.57
146939.29 97046.43 49892.86
142160.71 97346.43 44814.29
209225.0 159692.86 49532.14
172839.29 120632.14 52207.14
178325.0 133996.43 44328.57
160064.29 115946.43 44117.86
169607.14 122767.86 46839.29
190039.29 143864.29 46175.0
181667.86 136578.57 45089.29
128028.57 74275.0 53753.57
116596.43 68385.71 48210.71
125692.86 79067.86 46625.0
206632.14 161203.57 45428.57
