37110.71 8350.0 28760.71
45475.0 18125.0 27350.0
40489.29 17432.14 23057.14
45696.43 23610.71 22085.71
44382.14 20435.71 23946.43
52992.86 27292.86 25700.0
50521.43 27275.0 23246.43
55385.71 29557.14 25828.57
56696.43 34657.14 22039.29
54782.14 24550.0 30232.14
56467.86 28803.57 27664.29
57803.57 29703.57 28100.0
56546.43 25203.57 31342.86
68667.86 43167.86 25500.0
60996.43 32214.29 28782.14
44385.71 24175.0 20210.71
44607.14 23085.71 21521.43
58521.43 33146.43 25375.0
51000.0 21739.29 29260.71
54903.57 24928.57 29975.0
48028.57 25475.0 22553.57
56771.43 23442.86 33328.57
63778.57 37314.29 26464.29
63760.71 34057.14 29703.57
70110.71 43778.57 26332.14
58714.29 29850.0 28864.29
58385.71 31496.43 26889.29
61950.0 36453.57 25496.43
62000.0 35307.14 26692.86
70489.29 38950.0 31539.29
45564.29 16857.14 28707.14
58346.43 31517.86 26828.57
57771.43 26475.0 31296.43
59778.57 32067.86 27710.71
42910.71 17939.29 24971.43
57214.29 28496.43 28717.86
45871.43 19746.43 26125.0
49671.43 25192.86 24478.57
49900.0 24196.43 25703.57
69225.0 41453.57 27771.43
49675.0 25125.0 24550.0
74685.71 43146.43 31539.29
60135.71 34125.0 26010.71
48460.71 23521.43 24939.29
52907.14 27260.71 25646.43
46589.29 20582.14 26007.14
61939.29 34828.57 27110.71
49646.43 24614.29 25032.14
46421.43 21125.0 25296.43
46403.57 18996.43 27407.14
57878.57 31217.86 26660.71
54207.14 29671.43 24535.71
46067.86 16400.0 29667.86
45021.43 22935.71 22085.71
53417.86 28542.86 24875.0
59800.0 29492.86 30307.14
58403.57 32314.29 26089.29
59942.86 36307.14 23635.71
61357.14 36750.0 24607.14
58614.29 31142.86 27471.43
44600.0 20439.29 24160.71
61767.86 35271.43 26496.43
71889.29 45578.57 26310.71
55417.86 30303.57 25114.29
52342.86 26589.29 25753.57
52089.29 28721.43 23367.86
47500.0 23757.14 23742.86
59567.86 31185.71 28382.14
50117.86 25742.86 24375.0
38696.43 17064.29 21632.14
44300.0 24896.43 19403.57
49667.86 26560.71 23107.14
51600.0 26432.14 25167.86
44682.14 21175.0 23507.14
44014.29 18242.86 25771.43
73260.71 48485.71 24775.0
70796.43 45450.0 25346.43
57307.14 30621.43 26685.71
46396.43 17153.57 29242.86
44250.0 23903.57 20346.43
49317.86 26950.0 22367.86
68553.57 46121.43 22432.14
64742.86 35260.71 29482.14
52625.0 25667.86 26957.14
58850.0 29475.0 29375.0
62032.14 37446.43 24585.71
57060.71 30271.43 26789.29
45464.29 23796.43 21667.86
66053.57 40221.43 25832.14
57250.0 28628.57 28621.43
56542.86 30403.57 26139.29
65546.43 34571.43 30975.0
44503.57 16167.86 28335.71
52210.71 24850.0 27360.71
52575.0 24314.29 28260.71
60967.86 33507.14 27460.71
65603.57 39050.0 26553.57
58482.14 32521.43 25960.71
57192.86 32567.86 24625.0
46253.57 21671.43 24582.14
