474007.14 243417.86 230589.29
491046.43 243839.29 247207.14
469317.86 170882.14 298435.71
636439.29 309935.71 326503.57
434139.29 128042.86 306096.43
688614.29 393292.86 295321.43
663521.43 350692.86 312828.57
428982.14 173221.43 255760.71
455985.71 152017.86 303967.86
541635.71 171789.29 369846.43
551714.29 274628.57 277085.71
972728.57 574564.29 398164.29
1378671.43 919150.0 459521.43
1302842.86 744175.0 558667.86
408264.29 142939.29 265325.0
504850.0 233910.71 270939.29
495210.71 200571.43 294639.29
707950.0 376114.29 331835.71
574889.29 231071.43 343817.86
946925.0 511246.43 435678.57
505053.57 156414.29 348639.29
706814.29 371846.43 334967.86
961200.0 579046.43 382153.57
920789.29 370607.14 550182.14
738096.43 369710.71 368385.71
494957.14 206150.0 288807.14
369867.86 75625.0 294242.86
470521.43 208889.29 261632.14
913546.43 537307.14 376239.29
633160.71 236053.57 397107.14
366742.86 118985.71 247757.14
684103.57 454450.0 229653.57
505432.14 158600.0 346832.14
483225.0 176939.29 306285.71
469867.86 123307.14 346560.71
508157.14 240810.71 267346.43
494510.71 172482.14 322028.57
722210.71 391675.0 330535.71
1052335.71 538746.43 513589.29
908082.14 527907.14 380175.0
931157.14 464992.86 466164.29
424464.29 202621.43 221842.86
818782.14 335317.86 483464.29
602842.86 262353.57 340489.29
807353.57 260042.86 547310.71
902771.43 576017.86 326753.57
1040871.43 682371.43 358500.0
589864.29 321910.71 267953.57
616178.57 259017.86 357160.71
714000.0 325528.57 388471.43
345960.71 96035.71 249925.0
490300.0 213607.14 276692.86
406653.57 171996.43 234657.14
745564.29 434367.86 311196.43
426528.57 199825.0 226703.57
1176067.86 798535.71 377532.14
502710.71 268767.86 233942.86
606639.29 360407.14 246232.14
451921.43 158696.43 293225.0
1008314.29 752696.43 255617.86
643132.14 353496.43 289635.71
640782.14 180121.43 460660.71
573992.86 191171.43 382821.43
665553.57 355678.57 309875.0
487335.71 134482.14 352853.57
488350.0 211885.71 276464.29
715678.57 503275.0 212403.57
1653464.29 1162467.86 490996.43
649089.29 350742.86 298346.43
617107.14 236392.86 380714.29
557528.57 316435.71 241092.86
776589.29 458696.43 317892.86
888196.43 556250.0 331946.43
847146.43 462264.29 384882.14
827564.29 448603.57 378960.71
521750.0 182185.71 339564.29
589585.71 234185.71 355400.0
472407.14 122542.86 349864.29
456703.57 304321.43 152382.14
425378.57 187542.86 237835.71
687389.29 383657.14 303732.14
318146.43 55296.43 262850.0
678971.43 356489.29 322482.14
466457.14 166557.14 299900.0
688117.86 280689.29 407428.57
639307.14 283560.71 355746.43
2347775.0 1960178.57 387596.43
802428.57 423689.29 378739.29
964900.0 606103.57 358796.43
460857.14 206125.0 254732.14
604064.29 288789.29 315275.0
500285.71 101521.43 398764.29
647410.71 304528.57 342882.14
686800.0 376657.14 310142.86
526175.0 204639.29 321535.71
659789.29 226546.43 433242.86
550767.86 281596.43 269171.43
556264.29 277560.71 278703.57
669596.43 389717.86 279878.57
714421.43 401332.14 313089.29
