154253.57 27282.14 126971.43
173335.71 33478.57 139857.14
240389.29 93446.43 146942.86
180185.71 42300.0 137885.71
198207.14 52653.57 145553.57
221175.0 39353.57 181821.43
323557.14 161039.29 162517.86
231014.29 42567.86 188446.43
237878.57 87903.57 149975.0
246750.0 72114.29 174635.71
205953.57 26414.29 179539.29
170857.14 21814.29 149042.86
275000.0 105078.57 169921.43
311389.29 64925.0 246464.29
288832.14 89167.86 199664.29
124625.0 20578.57 104046.43
178203.57 39003.57 139200.0
209235.71 85810.71 123425.0
238414.29 13789.29 224625.0
217014.29 61660.71 155353.57
398100.0 164589.29 233510.71
224982.14 37767.86 187214.29
180817.86 28921.43 151896.43
220446.43 68032.14 152414.29
297907.14 97253.57 200653.57
201064.29 29100.0 171964.29
264846.43 117382.14 147464.29
179107.14 36078.57 143028.57
295521.43 88939.29 206582.14
433096.43 142714.29 290382.14
204032.14 64403.57 139628.57
171221.43 43442.86 127778.57
156021.43 25478.57 130542.86
197853.57 25267.86 172585.71
290860.71 123639.29 167221.43
204814.29 62367.86 142446.43
286614.29 97467.86 189146.43
238092.86 75107.14 162985.71
187046.43 47835.71 139210.71
332203.57 123610.71 208592.86
290025.0 122635.71 167389.29
217917.86 33150.0 184767.86
378814.29 104542.86 274271.43
177925.0 49289.29 128635.71
257592.86 48842.86 208750.0
453614.29 238089.29 215525.0
225596.43 83875.0 141721.43
209728.57 30117.86 179610.71
269585.71 111539.29 158046.43
298646.43 65535.71 233110.71
264253.57 96017.86 168235.71
314735.71 112457.14 202278.57
193432.14 44660.71 148771.43
209307.14 39364.29 169942.86
296892.86 112775.0 184117.86
178964.29 35746.43 143217.86
242357.14 33414.29 208942.86
562882.14 249960.71 312921.43
255135.71 54335.71 200800.0
327689.29 147982.14 179707.14
185921.43 39196.43 146725.0
356157.14 116310.71 239846.43
157542.86 23257.14 134285.71
326200.0 72057.14 254142.86
265146.43 101378.57 163767.86
383964.29 186800.0 197164.29
227707.14 59257.14 168450.0
278021.43 129878.57 148142.86
257242.86 54917.86 202325.0
171296.43 51817.86 119478.57
342510.71 147550.0 194960.71
354432.14 188121.43 166310.71
202714.29 42553.57 160160.71
174207.14 32464.29 141742.86
236964.29 77396.43 159567.86
230078.57 91721.43 138357.14
183375.0 46510.71 136864.29
290171.43 105560.71 184610.71
344121.43 163546.43 180575.0
198460.71 65507.14 132953.57
219325.0 73157.14 146167.86
162175.0 18942.86 143232.14
351364.29 154442.86 196921.43
217032.14 61542.86 155489.29
210875.0 63428.57 147446.43
210439.29 53775.0 156664.29
230907.14 52414.29 178492.86
262096.43 17150.0 244946.43
270232.14 80603.57 189628.57
258225.0 70064.29 188160.71
216621.43 54996.43 161625.0
300675.0 96657.14 204017.86
188614.29 29060.71 159553.57
244453.57 33271.43 211182.14
336714.29 145896.43 190817.86
299285.71 132532.14 166753.57
284342.86 93332.14 191010.71
418625.0 207835.71 210789.29
245282.14 41485.71 203796.43
276535.71 103017.86 173517.86
