449342.86 242282.14 207060.71
380085.71 152600.0 227485.71
472950.0 224832.14 248117.86
501535.71 281767.86 219767.86
845253.57 576467.86 268785.71
754264.29 457339.29 296925.0
796064.29 595867.86 200196.43
634110.71 433760.71 200350.0
782614.29 487957.14 294657.14
583089.29 279560.71 303528.57
640875.0 318185.71 322689.29
685557.14 348153.57 337403.57
865521.43 419439.29 446082.14
1222067.86 872703.57 349364.29
2546778.57 1918264.29 628514.29
608275.0 323171.43 285103.57
547014.29 259135.71 287878.57
389300.0 104860.71 284439.29
416217.86 155485.71 260732.14
618282.14 320171.43 298110.71
921875.0 524410.71 397464.29
598075.0 344746.43 253328.57
494217.86 227467.86 266750.0
385428.57 124250.0 261178.57
708100.0 359364.29 348735.71
840014.29 570942.86 269071.43
768282.14 443500.0 324782.14
957275.0 667542.86 289732.14
1585196.43 1235957.14 349239.29
888542.86 634435.71 254107.14
757775.0 508057.14 249717.86
530157.14 283378.57 246778.57
493200.0 255610.71 237589.29
782796.43 557703.57 225092.86
427157.14 197546.43 229610.71
878875.0 633832.14 245042.86
507767.86 259750.0 248017.86
949992.86 543800.0 406192.86
706814.29 399546.43 307267.86
649353.57 292346.43 357007.14
881421.43 653714.29 227707.14
920571.43 513375.0 407196.43
579510.71 361835.71 217675.0
356092.86 122385.71 233707.14
355650.0 136960.71 218689.29
1545303.57 1230517.86 314785.71
796614.29 520267.86 276346.43
835850.0 532439.29 303410.71
753582.14 459014.29 294567.86
467325.0 110982.14 356342.86
427453.57 216742.86 210710.71
844117.86 532125.0 311992.86
924314.29 619464.29 304850.0
455732.14 213860.71 241871.43
1339221.43 1117696.43 221525.0
1107264.29 613878.57 493385.71
364528.57 134050.0 230478.57
1058042.86 824917.86 233125.0
1389232.14 1020146.43 369085.71
464582.14 229757.14 234825.0
457771.43 136532.14 321239.29
425121.43 187278.57 237842.86
717360.71 512275.0 205085.71
1071460.71 763950.0 307510.71
409339.29 157992.86 251346.43
986389.29 794275.0 192114.29
407035.71 170435.71 236600.0
440907.14 212635.71 228271.43
470932.14 248785.71 222146.43
907289.29 571410.71 335878.57
406860.71 172667.86 234192.86
390685.71 168500.0 222185.71
536675.0 195225.0 341450.0
667089.29 410460.71 256628.57
664546.43 376525.0 288021.43
744635.71 496185.71 248450.0
586625.0 363010.71 223614.29
623014.29 362300.0 260714.29
610335.71 387857.14 222478.57
733153.57 436939.29 296214.29
495928.57 262725.0 233203.57
1333703.57 1045564.29 288139.29
815075.0 492739.29 322335.71
321571.43 89710.71 231860.71
652321.43 442100.0 210221.43
699067.86 453664.29 245403.57
720350.0 369300.0 351050.0
947450.0 626767.86 320682.14
511346.43 259021.43 252325.0
726557.14 406364.29 320192.86
464578.57 255771.43 208807.14
862221.43 591592.86 270628.57
324925.0 98078.57 226846.43
590042.86 360928.57 229114.29
593078.57 341667.86 251410.71
1432032.14 1202478.57 229553.57
668914.29 435371.43 233542.86
785567.86 460107.14 325460.71
782125.0 457996.43 324128.57
1531617.86 1247821.43 283796.43
