31332.14 18003.57 13328.57
35639.29 21535.71 14103.57
37178.57 21632.14 15546.43
38192.86 22432.14 15760.71
43435.71 30500.0 12935.71
35039.29 17385.71 17653.57
26964.29 13360.71 13603.57
39075.0 23203.57 15871.43
43067.86 27960.71 15107.14
32392.86 17314.29 15078.57
36932.14 22285.71 14646.43
48732.14 33953.57 14778.57
44800.0 30789.29 14010.71
36067.86 19725.0 16342.86
32839.29 18200.0 14639.29
35603.57 20200.0 15403.57
34914.29 18810.71 16103.57
38178.57 22978.57 15200.0
38821.43 24367.86 14453.57
40221.43 26850.0 13371.43
49750.0 33514.29 16235.71
43314.29 30725.0 12589.29
34246.43 19496.43 14750.0
39614.29 24707.14 14907.14
44260.71 29457.14 14803.57
50521.43 31196.43 19325.0
39046.43 24939.29 14107.14
37025.0 22921.43 14103.57
38175.0 26046.43 12128.57
33175.0 22378.57 10796.43
36771.43 21782.14 14989.29
41910.71 25196.43 16714.29
39192.86 24589.29 14603.57
43092.86 28782.14 14310.71
35085.71 21132.14 13953.57
27689.29 16500.0 11189.29
40092.86 23239.29 16853.57
43353.57 29142.86 14210.71
39400.0 25389.29 14010.71
33375.0 18707.14 14667.86
40585.71 26617.86 13967.86
35532.14 21421.43 14110.71
33428.57 18728.57 14700.0
57996.43 42153.57 15842.86
44571.43 28942.86 15628.57
39435.71 24946.43 14489.29
37335.71 22960.71 14375.0
51635.71 35300.0 16335.71
34178.57 21253.57 12925.0
30871.43 18050.0 12821.43
36242.86 23464.29 12778.57
37142.86 23382.14 13760.71
38953.57 24685.71 14267.86
39821.43 21742.86 18078.57
39175.0 21182.14 17992.86
30028.57 14842.86 15185.71
34971.43 18578.57 16392.86
31389.29 18025.0 13364.29
37696.43 23546.43 14150.0
35500.0 22242.86 13257.14
43789.29 29335.71 14453.57
42703.57 26521.43 16182.14
30842.86 17892.86 12950.0
38200.0 23789.29 14410.71
36592.86 20739.29 15853.57
49196.43 28882.14 20314.29
43446.43 25907.14 17539.29
39189.29 26878.57 12310.71
45478.57 28992.86 16485.71
48296.43 31289.29 17007.14
47364.29 31167.86 16196.43
39807.14 24710.71 15096.43
34389.29 20146.43 14242.86
45610.71 29064.29 16546.43
43246.43 27053.57 16192.86
42521.43 25771.43 16750.0
33882.14 21714.29 12167.86
37900.0 25021.43 12878.57
34017.86 16857.14 17160.71
31846.43 20557.14 11289.29
40585.71 26625.0 13960.71
33671.43 19960.71 13710.71
35875.0 22300.0 13575.0
33164.29 19632.14 13532.14
38275.0 23700.0 14575.0
44882.14 29457.14 15425.0
42275.0 28153.57 14121.43
35871.43 20042.86 15828.57
35089.29 20225.0 14864.29
48703.57 33539.29 15164.29
46607.14 30635.71 15971.43
36939.29 20867.86 16071.43
33085.71 18110.71 14975.0
31882.14 18517.86 13364.29
34946.43 20328.57 14617.86
55467.86 37057.14 18410.71
40250.0 27557.14 12692.86
41607.14 27403.57 14203.57
44225.0 27485.71 16739.29
44310.71 28639.29 15671.43
