112935.71 84275.0 28660.71
127396.43 105521.43 21875.0
136457.14 111232.14 25225.0
135378.57 105721.43 29657.14
145575.0 123739.29 21835.71
140992.86 114507.14 26485.71
152378.57 129371.43 23007.14
161917.86 139017.86 22900.0
167446.43 145835.71 21610.71
173371.43 144142.86 29228.57
176935.71 148410.71 28525.0
197985.71 172317.86 25667.86
199425.0 171114.29 28310.71
149432.14 123935.71 25496.43
230882.14 210057.14 20825.0
251514.29 222567.86 28946.43
127692.86 105096.43 22596.43
107892.86 79021.43 28871.43
138257.14 114653.57 23603.57
156932.14 130557.14 26375.0
171625.0 146421.43 25203.57
118567.86 91928.57 26639.29
140435.71 117196.43 23239.29
174046.43 147057.14 26989.29
201589.29 177639.29 23950.0
95364.29 73382.14 21982.14
198871.43 169050.0 29821.43
192732.14 166017.86 26714.29
111725.0 84010.71 27714.29
188946.43 165778.57 23167.86
134175.0 108796.43 25378.57
144975.0 121057.14 23917.86
162367.86 138739.29 23628.57
173714.29 148935.71 24778.57
146417.86 123975.0 22442.86
167107.14 145092.86 22014.29
184725.0 158121.43 26603.57
168285.71 138685.71 29600.0
161882.14 140300.0 21582.14
169928.57 141978.57 27950.0
180946.43 157225.0 23721.43
126253.57 101707.14 24546.43
164239.29 140585.71 23653.57
145353.57 121696.43 23657.14
164196.43 140442.86 23753.57
114246.43 85967.86 28278.57
153175.0 129317.86 23857.14
165932.14 139817.86 26114.29
114950.0 91542.86 23407.14
190842.86 162921.43 27921.43
137321.43 112975.0 24346.43
108575.0 85528.57 23046.43
172792.86 145675.0 27117.86
146578.57 123742.86 22835.71
139489.29 109728.57 29760.71
110214.29 85378.57 24835.71
132525.0 106964.29 25560.71
138610.71 113775.0 24835.71
169439.29 145450.0 23989.29
124950.0 102510.71 22439.29
126432.14 103789.29 22642.86
129585.71 100632.14 28953.57
148471.43 125135.71 23335.71
130453.57 102407.14 28046.43
150932.14 123742.86 27189.29
111367.86 86989.29 24378.57
150985.71 127932.14 23053.57
121600.0 95178.57 26421.43
137225.0 114378.57 22846.43
123382.14 98678.57 24703.57
153392.86 130303.57 23089.29
182850.0 153660.71 29189.29
153946.43 125014.29 28932.14
191517.86 160703.57 30814.29
257078.57 234664.29 22414.29
169196.43 146039.29 23157.14
144896.43 121310.71 23585.71
113492.86 88253.57 25239.29
159878.57 134528.57 25350.0
171414.29 149317.86 22096.43
108828.57 86021.43 22807.14
212892.86 182682.14 30210.71
155732.14 132600.0 23132.14
160103.57 131635.71 28467.86
144603.57 120960.71 23642.86
179832.14 155207.14 24625.0
157982.14 131750.0 26232.14
144867.86 120235.71 24632.14
159810.71 137296.43 22514.29
142517.86 116189.29 26328.57
166971.43 139496.43 27475.0
123646.43 98796.43 24850.0
166503.57 141782.14 24721.43
162800.0 141539.29 21260.71
134235.71 106328.57 27907.14
151682.14 124985.71 26696.43
167457.14 142010.71 25446.43
202292.86 174421.43 27871.43
195100.0 172678.57 22421.43
246089.29 219735.71 26353.57
