93871.43 67425.0 26446.43
128282.14 106057.14 22225.0
135846.43 101457.14 34389.29
170085.71 144582.14 25503.57
159821.43 126939.29 32882.14
165317.86 131478.57 33839.29
184439.29 152917.86 31521.43
123925.0 96275.0 27650.0
95225.0 70592.86 24632.14
84910.71 57264.29 27646.43
118760.71 93846.43 24914.29
128010.71 100846.43 27164.29
154560.71 120217.86 34342.86
153364.29 119739.29 33625.0
105221.43 80517.86 24703.57
158371.43 130864.29 27507.14
93500.0 66250.0 27250.0
119510.71 93864.29 25646.43
150600.0 122396.43 28203.57
136207.14 108010.71 28196.43
133721.43 103214.29 30507.14
114500.0 84650.0 29850.0
140885.71 111321.43 29564.29
139696.43 114507.14 25189.29
144114.29 120914.29 23200.0
120103.57 92203.57 27900.0
169546.43 135692.86 33853.57
131378.57 99778.57 31600.0
103396.43 75225.0 28171.43
153767.86 129142.86 24625.0
146253.57 120253.57 26000.0
105992.86 77675.0 28317.86
159900.0 129103.57 30796.43
106403.57 75203.57 31200.0
121539.29 86425.0 35114.29
114053.57 79557.14 34496.43
119539.29 87478.57 32060.71
125271.43 96714.29 28557.14
85192.86 53039.29 32153.57
151828.57 127389.29 24439.29
133385.71 105842.86 27542.86
131742.86 95542.86 36200.0
93225.0 63921.43 29303.57
118971.43 89710.71 29260.71
163210.71 133207.14 30003.57
157717.86 130410.71 27307.14
86542.86 50100.0 36442.86
153764.29 126814.29 26950.0
95835.71 68964.29 26871.43
104975.0 74403.57 30571.43
99225.0 68989.29 30235.71
170882.14 141775.0 29107.14
133689.29 107592.86 26096.43
140785.71 112171.43 28614.29
136703.57 107489.29 29214.29
108246.43 78192.86 30053.57
89428.57 63853.57 25575.0
159082.14 131410.71 27671.43
92750.0 63132.14 29617.86
105614.29 78421.43 27192.86
164196.43 133289.29 30907.14
183975.0 159232.14 24742.86
156996.43 126796.43 30200.0
146535.71 120278.57 26257.14
127567.86 99392.86 28175.0
159789.29 133132.14 26657.14
127492.86 91007.14 36485.71
89964.29 64696.43 25267.86
139475.0 105339.29 34135.71
152571.43 125225.0 27346.43
117228.57 82350.0 34878.57
127196.43 95717.86 31478.57
118146.43 91064.29 27082.14
147739.29 122010.71 25728.57
153571.43 122617.86 30953.57
148128.57 118682.14 29446.43
105996.43 81125.0 24871.43
159160.71 134614.29 24546.43
101264.29 69592.86 31671.43
108700.0 79885.71 28814.29
119685.71 91207.14 28478.57
131778.57 102367.86 29410.71
94521.43 69196.43 25325.0
132267.86 108707.14 23560.71
160289.29 132846.43 27442.86
117167.86 85728.57 31439.29
116335.71 88385.71 27950.0
122192.86 92900.0 29292.86
101853.57 72435.71 29417.86
115292.86 84510.71 30782.14
96775.0 66700.0 30075.0
127985.71 91392.86 36592.86
107889.29 65053.57 42835.71
132664.29 101289.29 31375.0
121989.29 92446.43 29542.86
109175.0 86028.57 23146.43
145146.43 113803.57 31342.86
138192.86 105517.86 32675.0
118657.14 94700.0 23957.14
153067.86 126671.43 26396.43
