97628.57 22307.14 75321.43
99503.57 35539.29 63964.29
103503.57 30846.43 72657.14
84164.29 18371.43 65792.86
101200.0 24471.43 76728.57
116739.29 30878.57 85860.71
98225.0 23414.29 74810.71
111671.43 40625.0 71046.43
103496.43 26300.0 77196.43
113067.86 19878.57 93189.29
116664.29 34750.0 81914.29
132067.86 57282.14 74785.71
164596.43 63114.29 101482.14
87764.29 20210.71 67553.57
114932.14 48371.43 66560.71
262939.29 175325.0 87614.29
102996.43 33707.14 69289.29
115903.57 29467.86 86435.71
111546.43 34850.0 76696.43
116289.29 45285.71 71003.57
83364.29 13210.71 70153.57
141828.57 45407.14 96421.43
104571.43 37207.14 67364.29
156603.57 67271.43 89332.14
147421.43 55067.86 92353.57
120342.86 34207.14 86135.71
90546.43 15364.29 75182.14
179660.71 108553.57 71107.14
100475.0 36092.86 64382.14
113182.14 44732.14 68450.0
139071.43 59600.0 79471.43
143292.86 63971.43 79321.43
105292.86 36621.43 68671.43
125078.57 44535.71 80542.86
150857.14 44907.14 105950.0
133932.14 45239.29 88692.86
156614.29 66953.57 89660.71
121535.71 26950.0 94585.71
85660.71 21792.86 63867.86
115603.57 51942.86 63660.71
89025.0 30221.43 58803.57
124725.0 40628.57 84096.43
135639.29 48592.86 87046.43
98289.29 22946.43 75342.86
108075.0 43739.29 64335.71
154121.43 76564.29 77557.14
98721.43 26660.71 72060.71
139339.29 46964.29 92375.0
117621.43 49707.14 67914.29
90950.0 26578.57 64371.43
100150.0 28539.29 71610.71
123378.57 45857.14 77521.43
104128.57 22128.57 82000.0
144110.71 61228.57 82882.14
93375.0 29621.43 63753.57
116935.71 45242.86 71692.86
105267.86 28121.43 77146.43
114910.71 33475.0 81435.71
97760.71 26578.57 71182.14
105685.71 33792.86 71892.86
96232.14 21775.0 74457.14
105460.71 40517.86 64942.86
129567.86 31571.43 97996.43
131389.29 37871.43 93517.86
94367.86 32221.43 62146.43
125210.71 42653.57 82557.14
175207.14 91028.57 84178.57
68657.14 13175.0 55482.14
161464.29 71760.71 89703.57
136221.43 48953.57 87267.86
95150.0 34910.71 60239.29
91560.71 28800.0 62760.71
125210.71 41528.57 83682.14
106828.57 34035.71 72792.86
132103.57 57867.86 74235.71
129275.0 46360.71 82914.29
132935.71 36007.14 96928.57
167092.86 83489.29 83603.57
111053.57 19721.43 91332.14
114157.14 27514.29 86642.86
111235.71 31182.14 80053.57
105157.14 32389.29 72767.86
128214.29 46921.43 81292.86
90239.29 25303.57 64935.71
134364.29 38164.29 96200.0
160171.43 74735.71 85435.71
129771.43 55175.0 74596.43
88960.71 18114.29 70846.43
230639.29 151432.14 79207.14
111900.0 31564.29 80335.71
125260.71 43150.0 82110.71
121582.14 34482.14 87100.0
111907.14 45357.14 66550.0
116692.86 31003.57 85689.29
156275.0 77142.86 79132.14
125857.14 49778.57 76078.57
80485.71 18192.86 62292.86
83582.14 22992.86 60589.29
153878.57 65110.71 88767.86
130967.86 52964.29 78003.57
