418835.71 248357.14 170478.57
382882.14 256439.29 126442.86
428567.86 274378.57 154189.29
409539.29 253439.29 156100.0
667271.43 536089.29 131182.14
428650.0 288071.43 140578.57
717510.71 540646.43 176864.29
284646.43 152053.57 132592.86
277728.57 142135.71 135592.86
240775.0 96114.29 144660.71
218485.71 93371.43 125114.29
370035.71 237250.0 132785.71
593182.14 463778.57 129403.57
312414.29 192153.57 120260.71
271642.86 150160.71 121482.14
261503.57 125335.71 136167.86
497253.57 379921.43 117332.14
270039.29 132250.0 137789.29
302878.57 140503.57 162375.0
250360.71 126807.14 123553.57
329739.29 186892.86 142846.43
322378.57 201132.14 121246.43
228200.0 87775.0 140425.0
298575.0 174407.14 124167.86
276878.57 141300.0 135578.57
240975.0 130078.57 110896.43
347000.0 204453.57 142546.43
276275.0 129382.14 146892.86
389157.14 264960.71 124196.43
356482.14 230214.29 126267.86
493639.29 337782.14 155857.14
530950.0 381396.43 149553.57
254557.14 122439.29 132117.86
322339.29 181139.29 141200.0
363760.71 226617.86 137142.86
338832.14 184457.14 154375.0
336450.0 209975.0 126475.0
233064.29 86146.43 146917.86
254807.14 137364.29 117442.86
281392.86 144214.29 137178.57
301467.86 179114.29 122353.57
352225.0 221600.0 130625.0
271542.86 166467.86 105075.0
250621.43 133389.29 117232.14
534750.0 386321.43 148428.57
363478.57 244192.86 119285.71
507875.0 355628.57 152246.43
277750.0 140553.57 137196.43
349789.29 216096.43 133692.86
316825.0 171450.0 145375.0
446860.71 283121.43 163739.29
325139.29 209135.71 116003.57
289610.71 135596.43 154014.29
292853.57 156135.71 136717.86
541453.57 416482.14 124971.43
455685.71 319389.29 136296.43
275828.57 150185.71 125642.86
340025.0 205632.14 134392.86
847175.0 655103.57 192071.43
272292.86 142925.0 129367.86
548407.14 337010.71 211396.43
813171.43 665825.0 147346.43
472571.43 336328.57 136242.86
274035.71 135082.14 138953.57
273025.0 149735.71 123289.29
196914.29 72410.71 124503.57
446389.29 277307.14 169082.14
332171.43 191592.86 140578.57
411317.86 259150.0 152167.86
409242.86 273100.0 136142.86
332128.57 205696.43 126432.14
284967.86 148817.86 136150.0
383275.0 236082.14 147192.86
258164.29 96778.57 161385.71
360867.86 193057.14 167810.71
294528.57 167600.0 126928.57
325210.71 179971.43 145239.29
364767.86 220664.29 144103.57
333985.71 169396.43 164589.29
315635.71 167200.0 148435.71
417646.43 259089.29 158557.14
421985.71 315814.29 106171.43
553325.0 405789.29 147535.71
432892.86 279532.14 153360.71
509628.57 344925.0 164703.57
362278.57 238903.57 123375.0
318496.43 198403.57 120092.86
254221.43 115492.86 138728.57
288678.57 156828.57 131850.0
276517.86 136021.43 140496.43
491642.86 350457.14 141185.71
265817.86 99410.71 166407.14
335850.0 218842.86 117007.14
326039.29 198871.43 127167.86
330235.71 169821.43 160414.29
322496.43 196132.14 126364.29
313771.43 179164.29 134607.14
298850.0 143446.43 155403.57
488646.43 348060.71 140585.71
345125.0 210553.57 134571.43
