252885.71 137096.43 115789.29
242885.71 137150.0 105735.71
331132.14 220632.14 110500.0
415839.29 321360.71 94478.57
310460.71 189417.86 121042.86
336907.14 215521.43 121385.71
416010.71 248696.43 167314.29
335014.29 224785.71 110228.57
289303.57 157946.43 131357.14
368521.43 212235.71 156285.71
559117.86 437457.14 121660.71
281567.86 165650.0 115917.86
331814.29 200685.71 131128.57
418667.86 228296.43 190371.43
153660.71 40228.57 113432.14
365553.57 239725.0 125828.57
206567.86 100325.0 106242.86
472739.29 345360.71 127378.57
227082.14 91485.71 135596.43
377539.29 271582.14 105957.14
218175.0 112385.71 105789.29
281385.71 154496.43 126889.29
667228.57 514803.57 152425.0
317453.57 216625.0 100828.57
236435.71 116035.71 120400.0
273796.43 151400.0 122396.43
418964.29 288950.0 130014.29
407846.43 267442.86 140403.57
428485.71 288760.71 139725.0
364975.0 253614.29 111360.71
376242.86 238589.29 137653.57
529307.14 381671.43 147635.71
238839.29 120517.86 118321.43
326653.57 178671.43 147982.14
205085.71 105792.86 99292.86
273400.0 160478.57 112921.43
320571.43 187471.43 133100.0
277960.71 162592.86 115367.86
333678.57 189028.57 144650.0
325200.0 184617.86 140582.14
331128.57 216992.86 114135.71
368160.71 222739.29 145421.43
472128.57 356803.57 115325.0
478978.57 368460.71 110517.86
390407.14 237796.43 152610.71
326260.71 218085.71 108175.0
266367.86 161360.71 105007.14
280646.43 153857.14 126789.29
274914.29 159278.57 115635.71
211064.29 85610.71 125453.57
201535.71 82482.14 119053.57
254710.71 133235.71 121475.0
347382.14 221907.14 125475.0
596642.86 455939.29 140703.57
537621.43 403846.43 133775.0
437360.71 300775.0 136585.71
408250.0 269275.0 138975.0
229378.57 110307.14 119071.43
475835.71 330285.71 145550.0
286867.86 186957.14 99910.71
175578.57 80317.86 95260.71
339010.71 216246.43 122764.29
326617.86 186353.57 140264.29
599757.14 427346.43 172410.71
346028.57 240342.86 105685.71
668950.0 503539.29 165410.71
369246.43 220171.43 149075.0
214435.71 96482.14 117953.57
240614.29 104700.0 135914.29
363889.29 221353.57 142535.71
414203.57 309957.14 104246.43
434432.14 311446.43 122985.71
319671.43 187260.71 132410.71
220075.0 87721.43 132353.57
481375.0 329689.29 151685.71
335364.29 187564.29 147800.0
476782.14 336157.14 140625.0
193050.0 99410.71 93639.29
452267.86 308982.14 143285.71
356560.71 242350.0 114210.71
297892.86 180371.43 117521.43
251303.57 129946.43 121357.14
416321.43 291785.71 124535.71
415475.0 312910.71 102564.29
299064.29 177664.29 121400.0
431582.14 276407.14 155175.0
517875.0 402917.86 114957.14
215792.86 108039.29 107753.57
436689.29 293946.43 142742.86
410614.29 280921.43 129692.86
479871.43 332014.29 147857.14
413907.14 249582.14 164325.0
214964.29 115167.86 99796.43
618432.14 491478.57 126953.57
359292.86 228996.43 130296.43
288028.57 171246.43 116782.14
495803.57 356685.71 139117.86
242892.86 121046.43 121846.43
746892.86 601482.14 145410.71
717064.29 563842.86 153221.43
