28753.57 17657.14 11096.43
27842.86 17225.0 10617.86
29446.43 18546.43 10900.0
31364.29 21300.0 10064.29
33092.86 24567.86 8525.0
30907.14 19139.29 11767.86
33007.14 22546.43 10460.71
31703.57 19832.14 11871.43
33639.29 22146.43 11492.86
32917.86 21275.0 11642.86
31946.43 20882.14 11064.29
33857.14 22725.0 11132.14
32975.0 22160.71 10814.29
35982.14 27542.86 8439.29
36596.43 26364.29 10232.14
26792.86 16332.14 10460.71
27192.86 17639.29 9553.57
29028.57 19478.57 9550.0
27725.0 16625.0 11100.0
36514.29 26778.57 9735.71
30657.14 21221.43 9435.71
30657.14 19557.14 11100.0
32575.0 21700.0 10875.0
29682.14 18878.57 10803.57
33210.71 22635.71 10575.0
30371.43 19567.86 10803.57
33746.43 23032.14 10714.29
36342.86 26057.14 10285.71
35896.43 25996.43 9900.0
38178.57 26660.71 11517.86
27832.14 18014.29 9817.86
26646.43 17292.86 9353.57
22800.0 12889.29 9910.71
28678.57 19067.86 9610.71
27100.0 18739.29 8360.71
31175.0 20942.86 10232.14
25996.43 17042.86 8953.57
36964.29 27028.57 9935.71
31428.57 20196.43 11232.14
32692.86 24096.43 8596.43
32457.14 21575.0 10882.14
28250.0 18814.29 9435.71
31607.14 20900.0 10707.14
30521.43 18317.86 12203.57
29900.0 18885.71 11014.29
37567.86 27225.0 10342.86
27332.14 16378.57 10953.57
29917.86 20928.57 8989.29
25803.57 15571.43 10232.14
29225.0 18325.0 10900.0
31010.71 21739.29 9271.43
27889.29 17489.29 10400.0
31614.29 20428.57 11185.71
34889.29 23557.14 11332.14
30942.86 20142.86 10800.0
33575.0 22553.57 11021.43
35782.14 26410.71 9371.43
37542.86 25857.14 11685.71
26785.71 17557.14 9228.57
25625.0 14596.43 11028.57
28096.43 18246.43 9850.0
38046.43 27792.86 10253.57
25017.86 16153.57 8864.29
30035.71 21335.71 8700.0
24303.57 14528.57 9775.0
29114.29 17385.71 11728.57
24425.0 16342.86 8082.14
34200.0 22957.14 11242.86
37707.14 27450.0 10257.14
23785.71 14203.57 9582.14
32417.86 20692.86 11725.0
30296.43 18071.43 12225.0
34803.57 24064.29 10739.29
32721.43 22442.86 10278.57
23307.14 14978.57 8328.57
32496.43 21685.71 10810.71
33596.43 22939.29 10657.14
33425.0 23450.0 9975.0
37185.71 28021.43 9164.29
37100.0 26296.43 10803.57
25735.71 16017.86 9717.86
29739.29 21103.57 8635.71
34532.14 21982.14 12550.0
31889.29 24114.29 7775.0
28960.71 20021.43 8939.29
31096.43 22057.14 9039.29
35250.0 24500.0 10750.0
32639.29 22442.86 10196.43
40139.29 29339.29 10800.0
27807.14 16857.14 10950.0
29567.86 19100.0 10467.86
31225.0 22060.71 9164.29
35407.14 25635.71 9771.43
34503.57 21896.43 12607.14
33857.14 23735.71 10121.43
27517.86 16403.57 11114.29
24435.71 14335.71 10100.0
36142.86 26592.86 9550.0
30589.29 20503.57 10085.71
33121.43 22432.14 10689.29
