109660.71 93828.57 15832.14
126021.43 110482.14 15539.29
109235.71 93992.86 15242.86
93185.71 77628.57 15557.14
122328.57 106342.86 15985.71
144703.57 128046.43 16657.14
127775.0 112246.43 15528.57
110853.57 94278.57 16575.0
143835.71 127096.43 16739.29
119414.29 102553.57 16860.71
144900.0 127575.0 17325.0
103242.86 86296.43 16946.43
138550.0 121989.29 16560.71
131300.0 116835.71 14464.29
111942.86 94810.71 17132.14
95121.43 78071.43 17050.0
79932.14 62167.86 17764.29
85835.71 66932.14 18903.57
166175.0 151146.43 15028.57
113639.29 97000.0 16639.29
100857.14 83514.29 17342.86
129014.29 112085.71 16928.57
114407.14 97221.43 17185.71
103560.71 86935.71 16625.0
138035.71 121328.57 16707.14
119692.86 101217.86 18475.0
118378.57 102025.0 16353.57
94378.57 78878.57 15500.0
124300.0 107903.57 16396.43
119567.86 103367.86 16200.0
99057.14 82832.14 16225.0
104353.57 87767.86 16585.71
102860.71 86185.71 16675.0
102282.14 85814.29 16467.86
135792.86 119217.86 16575.0
124403.57 107835.71 16567.86
98867.86 84017.86 14850.0
87575.0 69567.86 18007.14
128903.57 112164.29 16739.29
139428.57 123075.0 16353.57
113489.29 95246.43 18242.86
121107.14 104221.43 16885.71
85285.71 69703.57 15582.14
99825.0 83975.0 15850.0
107242.86 90067.86 17175.0
146460.71 131621.43 14839.29
127496.43 109103.57 18392.86
128989.29 114353.57 14635.71
90614.29 75832.14 14782.14
101621.43 85860.71 15760.71
90410.71 74967.86 15442.86
135364.29 118000.0 17364.29
119764.29 105017.86 14746.43
134257.14 116796.43 17460.71
125767.86 107450.0 18317.86
67717.86 50346.43 17371.43
80192.86 66132.14 14060.71
125428.57 110382.14 15046.43
119421.43 100642.86 18778.57
100839.29 86714.29 14125.0
139632.14 124835.71 14796.43
117100.0 101100.0 16000.0
102735.71 87228.57 15507.14
129935.71 114732.14 15203.57
116439.29 100310.71 16128.57
94375.0 76575.0 17800.0
140435.71 123692.86 16742.86
105417.86 87935.71 17482.14
73753.57 55953.57 17800.0
112160.71 96457.14 15703.57
113085.71 97839.29 15246.43
118496.43 102321.43 16175.0
95514.29 78425.0 17089.29
130246.43 114650.0 15596.43
138417.86 121789.29 16628.57
107346.43 89010.71 18335.71
82867.86 64060.71 18807.14
115475.0 100364.29 15110.71
123975.0 107285.71 16689.29
109260.71 91392.86 17867.86
95125.0 78696.43 16428.57
116914.29 101750.0 15164.29
59067.86 43564.29 15503.57
110532.14 94689.29 15842.86
133742.86 117857.14 15885.71
118075.0 101810.71 16264.29
129053.57 114717.86 14335.71
115810.71 99010.71 16800.0
128828.57 112210.71 16617.86
89917.86 71746.43 18171.43
101117.86 83639.29 17478.57
98896.43 79660.71 19235.71
142957.14 125678.57 17278.57
129821.43 112592.86 17228.57
131832.14 116921.43 14910.71
129789.29 111028.57 18760.71
124964.29 107500.0 17464.29
117107.14 101528.57 15578.57
115642.86 99278.57 16364.29
179025.0 160057.14 18967.86
