62603.57 18678.57 43925.0
76660.71 29814.29 46846.43
62689.29 20760.71 41928.57
65110.71 27632.14 37478.57
83217.86 48435.71 34782.14
77089.29 30764.29 46325.0
76953.57 33207.14 43746.43
80117.86 26850.0 53267.86
88410.71 43117.86 45292.86
76564.29 19989.29 56575.0
66078.57 23721.43 42357.14
87414.29 43571.43 43842.86
79421.43 31996.43 47425.0
73260.71 30953.57 42307.14
101571.43 40757.14 60814.29
59214.29 17814.29 41400.0
56592.86 11782.14 44810.71
72139.29 28271.43 43867.86
84785.71 42121.43 42664.29
66142.86 24960.71 41182.14
62182.14 16828.57 45353.57
56446.43 21771.43 34675.0
61350.0 14778.57 46571.43
75207.14 32442.86 42764.29
70721.43 32339.29 38382.14
80914.29 37275.0 43639.29
84760.71 38064.29 46696.43
69035.71 30300.0 38735.71
103253.57 50632.14 52621.43
89225.0 48178.57 41046.43
56242.86 17960.71 38282.14
56889.29 21839.29 35050.0
55642.86 15250.0 40392.86
57900.0 17060.71 40839.29
59653.57 20453.57 39200.0
63132.14 27510.71 35621.43
84689.29 35146.43 49542.86
69182.14 31050.0 38132.14
61821.43 24457.14 37364.29
78921.43 31189.29 47732.14
97192.86 51092.86 46100.0
94003.57 40203.57 53800.0
52650.0 16639.29 36010.71
76832.14 31214.29 45617.86
73514.29 28292.86 45221.43
82446.43 42935.71 39510.71
91525.0 38539.29 52985.71
98621.43 50721.43 47900.0
77664.29 37642.86 40021.43
112182.14 61521.43 50660.71
70164.29 29292.86 40871.43
74189.29 34582.14 39607.14
90607.14 45642.86 44964.29
68821.43 26189.29 42632.14
87225.0 41689.29 45535.71
94746.43 56400.0 38346.43
86017.86 37789.29 48228.57
98842.86 48107.14 50735.71
79892.86 31910.71 47982.14
56235.71 19535.71 36700.0
81435.71 26517.86 54917.86
83585.71 31242.86 52342.86
86046.43 41878.57 44167.86
93000.0 35157.14 57842.86
71321.43 28271.43 43050.0
82614.29 35739.29 46875.0
63985.71 16153.57 47832.14
73314.29 32696.43 40617.86
77017.86 34032.14 42985.71
84339.29 37032.14 47307.14
79632.14 31767.86 47864.29
106396.43 64046.43 42350.0
71267.86 22010.71 49257.14
139928.57 88039.29 51889.29
98335.71 54857.14 43478.57
64800.0 10153.57 54646.43
78267.86 30050.0 48217.86
74964.29 27878.57 47085.71
114457.14 67221.43 47235.71
76900.0 25985.71 50914.29
66542.86 21603.57 44939.29
60817.86 18800.0 42017.86
67764.29 29235.71 38528.57
79853.57 34928.57 44925.0
66785.71 23378.57 43407.14
90939.29 43575.0 47364.29
91557.14 45639.29 45917.86
73096.43 30282.14 42814.29
83553.57 31714.29 51839.29
74989.29 35960.71 39028.57
87489.29 44464.29 43025.0
57378.57 16971.43 40407.14
88932.14 38382.14 50550.0
78971.43 32960.71 46010.71
61160.71 26417.86 34742.86
60417.86 22525.0 37892.86
77192.86 30692.86 46500.0
75875.0 18153.57 57721.43
77639.29 37685.71 39953.57
83860.71 42357.14 41503.57
