191360.71 124110.71 67250.0
203832.14 117535.71 86296.43
198682.14 119421.43 79260.71
259367.86 182407.14 76960.71
269160.71 188550.0 80610.71
336610.71 244257.14 92353.57
334196.43 248760.71 85435.71
139321.43 66732.14 72589.29
210864.29 134110.71 76753.57
261214.29 177389.29 83825.0
322221.43 226289.29 95932.14
243175.0 167914.29 75260.71
233014.29 138725.0 94289.29
230903.57 121178.57 109725.0
172267.86 89967.86 82300.0
205046.43 110200.0 94846.43
173564.29 99603.57 73960.71
183564.29 89914.29 93650.0
215200.0 143350.0 71850.0
263739.29 173282.14 90457.14
196639.29 124967.86 71671.43
300967.86 212471.43 88496.43
166639.29 101121.43 65517.86
181078.57 112914.29 68164.29
237571.43 170946.43 66625.0
200085.71 124839.29 75246.43
172825.0 94632.14 78192.86
176710.71 102178.57 74532.14
285832.14 181032.14 104800.0
266539.29 183621.43 82917.86
176885.71 100353.57 76532.14
174114.29 99732.14 74382.14
189017.86 109557.14 79460.71
153746.43 85750.0 67996.43
332803.57 246892.86 85910.71
347714.29 262485.71 85228.57
240703.57 157771.43 82932.14
215178.57 140532.14 74646.43
202839.29 131228.57 71610.71
367225.0 289046.43 78178.57
183435.71 110767.86 72667.86
273417.86 189100.0 84317.86
229078.57 152835.71 76242.86
136442.86 66525.0 69917.86
180746.43 100932.14 79814.29
410442.86 326539.29 83903.57
216839.29 123821.43 93017.86
276221.43 204571.43 71650.0
179389.29 84017.86 95371.43
184003.57 100935.71 83067.86
159210.71 88671.43 70539.29
312550.0 232300.0 80250.0
184160.71 92796.43 91364.29
215721.43 134196.43 81525.0
255100.0 165450.0 89650.0
168882.14 100342.86 68539.29
207550.0 126085.71 81464.29
286203.57 208260.71 77942.86
177139.29 103657.14 73482.14
175710.71 110832.14 64878.57
203207.14 107696.43 95510.71
289871.43 185657.14 104214.29
308560.71 217317.86 91242.86
257478.57 161100.0 96378.57
213325.0 111250.0 102075.0
272646.43 198982.14 73664.29
299550.0 204571.43 94978.57
222196.43 135142.86 87053.57
203160.71 108835.71 94325.0
191442.86 94596.43 96846.43
312785.71 240292.86 72492.86
257250.0 176975.0 80275.0
175478.57 74385.71 101092.86
142414.29 68696.43 73717.86
299800.0 195585.71 104214.29
243557.14 161146.43 82410.71
255757.14 161535.71 94221.43
430314.29 331196.43 99117.86
321867.86 250964.29 70903.57
215725.0 147125.0 68600.0
231564.29 149550.0 82014.29
247089.29 175810.71 71278.57
171014.29 78178.57 92835.71
242525.0 167039.29 75485.71
409382.14 330157.14 79225.0
354453.57 290939.29 63514.29
229657.14 148782.14 80875.0
231125.0 157053.57 74071.43
286689.29 212600.0 74089.29
230878.57 156921.43 73957.14
251167.86 163903.57 87264.29
270317.86 180100.0 90217.86
198925.0 109228.57 89696.43
222607.14 128364.29 94242.86
181342.86 112467.86 68875.0
190532.14 107639.29 82892.86
223578.57 125425.0 98153.57
247032.14 174253.57 72778.57
231846.43 148139.29 83707.14
264803.57 163935.71 100867.86
